2103750193002
2102069670002
2105243731002
2109748062001
2104500130001
2105253737002
2108980154001
2102882316001
2107706508002
2102402454002
2106693404002
2105571680001
2102595672001
2105061861002
2104812200002
2109871352001
2108919265001
2102550447001
2103723677002
2109309165001
2102736653002
2104845441002
2108707720002
2104464253001
2105280862002
2102704264002
2101890112001
2106531684001
2102934474001
2109115403001
2104206576001
2105636082002
2109138725001
2102606752001
2101687960001
2103811936001
2105319717002
2106905380001
2101846885002
2101644436001
2109122793001
2101216757001
2107369370001
2105597678002
2107758265001
2102963054002
2105492958001
2103785735001
2102805608002
2105263671001
2107803352001
2106630136001
2107491556001
2103693410001
2109049388002
2106285602001
2108259084002
2108881008001
2103519441001
2107866508001
2103110952002
2101659678001
2106799910002
2104421082002
2102052441002
2105646339002
2102558113001
2109031360001
2109194798001
2105480092002
2102118127001
2102856258002
2101605455002
2101798013002
2106292644002
2103657929002
2109061889001
2104661094001
2104068240001
2106031497002
2101632369001
2102676030001
2101934554001
2101709326001
2102649188001
2106824842002
2109998550002
2107913078001
2104771859002
2106090206002
2102796012001
2101363993001
2108396961001
2108068666001
2103474797002
2108054542002
2105754215002
2101323740001
2104331127001
2106191075001
2104022647001
2102352588002
2104215778002
2103979113002
2104405454001
2105337044002
2105477734001
2108004537002
2104669023001
2102905232002
2109443065001
2106684879001
2109255332002
2106218489002
2104297822001
2105484781002
2106249101002
2109097626002
2106842374002
2104136372001
2108081521001
2109254820002
2106233081001
2109747183002
2102561390001
2102391237001
2108363395001
2107021281001
2101795389001
2102592969002
2101217013002
2102668459001
2105045211001
2102330277002
2107741722002
2107420375002
2103045217001
2102401045001
2109948057001
2106345492002
2103066240002
2102780880001
2101757206002
2107422327001
2101119035002
2101988143001
2101908472001
2108641387001
2105507840002
2104842024001
2102626449001
2104896514001
2104694862002
2101950974001
2105413958001
2103787920001
2107603089001
2107484156001
2101348895002
2107864974002
2103386619002
2105130026001
2104588522001
2108204823001
2101239814002
2108359460002
2109222363001
2104494882001
2108241443002
2108747101002
2105713703001
2104845440001
2102018433001
2102425729002
2108507064001
2103276498001
2106549779002
2102114757002
2103051422001
2108100664001
2108670732002
2109611418001
2104249221001
2107380928002
2105121431001
2105497733002
2107286380002
2105242644002
2103885141001
2107556857002
2108186649002
2109570045002
2101729040002
2109134042002
2107780514001
2108881441001
2101435730002
2108383227002
2107234361001
2101273999002
2108179286001
2106548773001
2106365140002
2108137580002
2107163609002
2102189936002
2107081665002
2108300820001
2104708878002
2108571019001
2106784359001
2104351775001
2103263483002
2105864231001
2108915412002
2104665220001
2109407518002
2105544977002
2109586231002
2106012232001
2102831205001
2105366000002
2106624646001
2104551314001
2102882957002
2106571809001
2104708783002
2109846403002
2109855480001
2105816578001
2101256106001
2108604268002
2109947578002
2106973196001
2106551855001
2103900043001
2104555660001
2105947944001
2101376771002
2108321567002
2107784432002
2101357974001
2106203157001
2101924621001
2107164587001
2108384552002
2102862396002
2107510996001
2101981991001
2102468167002
2105113477001
2103189550001
2107586754001
2108900733001
2105977233002
2106664132002
2107598758002
2105032288002
2106620650002
2107524363001
2109946956001
2109983804001
2104446180001
2108480379001
2103419353001
2107572939002
2105970857002
2106508790002
2108737758001
2104863259002
2108019446002
2105417117001
2106442036002
2107166823001
2108356796002
2107773549001
2106727628002
2108882720002
2103313738002
2108402500001
2105834968001
2102564470001
2106413638002
2101909894001
2103339402002
2102911459001
2105113798001
2106801660002
2109378633001
2106285320001
2108142611001
2105590736002
2104128280001
2107124690001
2102777773002
2102216185002
2103748214002
2103615809001
2103929551001
2104720313001
2106773418002
2108610484002
2109005193002
2103283234001
2106706840001
2103551504002
2102980087001
2101898325002
2104707759002
2104380014002
2108564476002
2105599767001
2101706938002
2107753460001
2107314503001
2108543329001
2104017178002
2101208776002
2108574950002
2107323528001
2106141905002
2103731520002
2103620662002
2107183104001
2101451483001
2107347883001
2108028395001
2104954952002
2107376600001
2107558582002
2105455143002
2104815339001
2108751885001
2104211831001
2108384650001
2103583322001
2107783129001
2102557935002
2105227493002
2104356978001
2102477927001
2108804507002
2109181382001
2101388660001
2102267985001
2109982727002
2103482260001
2108216441002
2109528196001
2109572852001
2104853430002
2109425428002
2105289564001
2104978821001
2108127927001
2102324750001
2103106677002
2109764735002
2105043913001
2108775723001
2106337804002
2108366545001
2105573908001
2102515578001
2102368767001
2104599294002
2109259893001
2104881336002
2107211141002
2107558146002
2107295944002
2108361959002
2107426635001
2102094724002
2109762413001
2107014323001
2106073866001
2109027042001
2108792114001
2108545583002
2108179349001
2108451953002
2106356637001
2104556855001
2101227498001
2102598023001
2109537667001
2106105999001
2105622651001
2106195334001
2106233733001
2107030713002
2108764916002
2105849104001
2109396556002
2108551861002
2103965956002
2102004604001
2108889863001
2103470175001
2108972856001
2102976542001
2109279352001
2102068825002
2104867256002
2106512751001
2104126414002
2108689584002
2101168394001
2102468999001
2107624942001
2101571876001
2108272293002
2107729682002
2102091035002
2101991510002
2108412534002
2105847561001
2106537777002
2101839048001
2107977516001
2106374994001
2103580599001
2106216728001
2103136087001
2105422246002
2109159553001
2105554630002
2104245045002
2109989413001
2108437033001
2101458702002
2105871480002
2106584239002
2108784212002
2108691775002
2107533188002
2107587770001
2104999789001
2101158037002
2107460021001
2106073650001
2107968415002
2101397921002
2106517122001
2108535618002
2107239973001
2107146194001
2108160751001
2105356907001
2101896739002
2106459182001
2109924410002
2101633994002
2106460272001
2107049344002
2101550292002
2104671927002
2103608157001
2104449903001
2103101425001
2104323455002
2107562632001
2104820864002
2109515802002
2108004215001
2109818030002
2102141258001
2109331245001
2108296795001
2106073444001
2101116992002
2105459742002
2109785838002
2101691045001
2107988702001
2103070991002
2102917777001
2104966292001
2101222345001
2109982350002
2107250513001
2105020384001
2109417756002
2106152068001
2103181686001
2105810688001
2107261090002
2103846925002
2107726487001
2101351861002
2109160086002
2103215043001
2102014997001
2106216348001
2106808634001
2101839185001
2103713594001
2109718693001
2107430985002
